15
0.0000000001000000
1.1000000000000001
7.6769986810272979 -0.0741214020921565 0.1370261247380731 0.0077347357910196 -0.0593090220565123 -0.0158938466457391 -0.0951548854979689 0.0000000000000000 -0.3568561022255700 -0.0087876008240458 -0.0322196324875529 -0.3085205681782006 -0.7739034253294268 0.0089067496456378 -0.3816357075430155 -0.0741214020921565 8.9832085894945717 0.3180115811711062 3.2411642004456058 -0.6147709913959363 -0.1647485579881201 0.0887834514559959 0.0000000000000000 -0.1904244699140190 -0.2801608373129828 0.3761978542901199 -0.0285030610152957 -0.0714980420344941 0.0923234125247711 0.3560819303938229 0.1370261247380731 0.3180115811711062 8.8493226999628369 -0.5815880552537419 1.8866261888557265 0.5055849225592758 -0.4299469166557488 0.0000000000000000 1.9533960786523892 0.0935159023117069 -0.0066828723446497 0.2639517965152179 0.6621056114709196 2.8358315799724085 -1.7243790992461121 0.0077347357910196 3.2411642004456058 -0.5815880552537419 4.8737525168922229 1.1110988252257838 0.2977562894153372 -0.1413250022966046 0.0000000000000000 0.3659120517971697 0.0607867698515957 0.1958635466069139 0.1079303083170726 0.2707360348668821 -0.1668595893963428 -0.5668092285827426 -0.0593090220565123 -0.6147709913959363 1.8866261888557265 1.1110988252257838 6.9180304466443729 -2.0458175407636450 0.2516935509990911 -1.0769047149545563 -0.2741765623287749 -0.1485604830767509 0.0074389187612357 -0.5570369204776920 -1.3972902466056767 1.8436171642063928 3.1034260807145939 -0.0158938466457391 -0.1647485579881201 0.5055849225592758 0.2977562894153372 -2.0458175407636450 14.0038988774792710 2.0333881957510229 -0.2885928278374252 -0.0734748286922898 -0.0398117765858446 0.0019935084056610 -0.1492767724554830 -0.3744509035737688 0.4940592082841697 0.3414914110242796 -0.0951548854979689 0.0887834514559959 -0.4299469166557488 -0.1413250022966046 0.2516935509990911 2.0333881957510229 6.6618421157286400 -0.3959745970409611 0.0348979802155298 0.0200714419018589 0.0039463065687888 -0.0903905806705690 -0.2267387889615977 0.2006150277193440 0.8582315419085205 0.0000000000000000 0.0000000000000000 0.0000000000000000 0.0000000000000000 -1.0769047149545563 -0.2885928278374252 -0.3959745970409611 8.9668776102466019 0.0000000000000000 0.0000000000000000 0.0000000000000000 0.3147040102743429 0.7894141805662274 -0.4714308662052574 -1.5881270280548363 -0.3568561022255700 -0.1904244699140190 1.9533960786523892 0.3659120517971697 -0.2741765623287749 -0.0734748286922898 0.0348979802155298 0.0000000000000000 4.4044848479904903 -0.0990677180783055 0.0113270549953553 0.1747534669143563 0.4383575054065679 1.0211620570766169 0.1399645987873122 -0.0087876008240458 -0.2801608373129828 0.0935159023117069 0.0607867698515957 -0.1485604830767509 -0.0398117765858446 0.0200714419018589 0.0000000000000000 -0.0990677180783055 1.9307205074567204 0.4040557311308874 -0.0109656400418346 -0.0275065822658656 0.0223101137755876 0.0805001119126770 -0.0322196324875529 0.3761978542901199 -0.0066828723446497 0.1958635466069139 0.0074389187612357 0.0019935084056610 0.0039463065687888 0.0000000000000000 0.0113270549953553 0.4040557311308874 10.2009615990998710 0.0151458519258386 0.0379923671026319 -0.0011171417896156 0.0158273691537732 -0.3085205681782006 -0.0285030610152957 0.2639517965152179 0.1079303083170726 -0.5570369204776920 -0.1492767724554830 -0.0903905806705690 0.3147040102743429 0.1747534669143563 -0.0109656400418346 0.0151458519258386 12.4241083677988900 -1.4445860430335009 -0.1644943226938352 -0.3625276098952686 -0.7739034253294268 -0.0714980420344941 0.6621056114709196 0.2707360348668821 -1.3972902466056767 -0.3744509035737688 -0.2267387889615977 0.7894141805662274 0.4383575054065679 -0.0275065822658656 0.0379923671026319 -1.4445860430335009 9.3763515233740513 -0.4126231211478693 -0.9093765149310470 0.0089067496456378 0.0923234125247711 2.8358315799724085 -0.1668595893963428 1.8436171642063928 0.4940592082841697 0.2006150277193440 -0.4714308662052574 1.0211620570766169 0.0223101137755876 -0.0011171417896156 -0.1644943226938352 -0.4126231211478693 4.8394948110240890 0.8046024925232843 -0.3816357075430155 0.3560819303938229 -1.7243790992461121 -0.5668092285827426 3.1034260807145939 0.3414914110242796 0.8582315419085205 -1.5881270280548363 0.1399645987873122 0.0805001119126770 0.0158273691537732 -0.3625276098952686 -0.9093765149310470 0.8046024925232843 9.8899468057800703 

15
0.0000000001000000
1.1000000000000001
4.6302687630279609 0.0185563868978539 -1.4446220406079773 -0.7146251683195956 -0.2214989646911203 0.1351780336325923 0.4178883092366832 -1.2209622330661960 -1.6366171188098184 0.1212929710894189 2.9268370655539124 0.0000000000000000 -0.2503560251687278 -0.8084734414041270 -0.0428961041621175 0.0185563868978539 3.6754608128088684 0.0849946209891725 0.0229825584682164 -1.5437395844550474 0.0000000000000000 -0.2396731286542825 0.0779282559285423 0.1071590047556314 -0.6602187624713349 0.0936159244276610 0.2010201229257408 -0.1485372840608788 -0.1526407835901917 0.1880896608291603 -1.4446220406079773 0.0849946209891725 8.6470484107761401 -0.0569988582946540 -0.5542911438269937 0.7128684470561957 0.1004635842525999 -0.3864715317747516 -0.5180388940014977 0.2135958505406941 -1.9933414282401494 0.0000000000000000 -0.2267731189494401 -0.6994479509178140 -0.4197094295020000 -0.7146251683195956 0.0229825584682164 -0.0569988582946540 3.6459461553043964 -0.2868260013075266 -0.0991868215015033 0.6176199180663362 0.8115980358440122 1.0878921583995638 0.0608451290071848 -1.8290356919278141 0.0000000000000000 0.2245927062166545 -0.0664711961379311 0.1149887585381288 -0.2214989646911203 -1.5437395844550474 -0.5542911438269937 -0.2868260013075266 11.1884495338466030 0.0000000000000000 0.0404152262140911 -0.5176536578031368 -0.6917890770337920 -3.0941473734846925 -0.6105148446751707 0.1555624857788364 -0.3358690417136457 0.9954445769178054 -1.2266238972500147 0.1351780336325923 0.0000000000000000 0.7128684470561957 -0.0991868215015033 0.0000000000000000 11.8831734023395260 0.0000000000000000 0.7041104096662230 0.9438122808254448 0.3246305376973477 0.8493562818082563 0.0000000000000000 -1.8413868154891222 -1.3906903142394995 -3.0187925707304908 0.4178883092366832 -0.2396731286542825 0.1004635842525999 0.6176199180663362 0.0404152262140911 0.0000000000000000 9.9053788743560620 0.0075804799233181 0.0101611195459671 0.1022442852259141 -0.0286489986522829 0.0000000000000000 0.0167232455332311 0.0593332661740965 -0.0075113425939622 -1.2209622330661960 0.0779282559285423 -0.3864715317747516 0.8115980358440122 -0.5176536578031368 0.7041104096662230 0.0075804799233181 8.9459507461641046 -0.0758720632738203 0.2042818650572755 1.4117585827561228 -0.0700546300217988 -0.2558168155907579 1.8272313138478866 -0.4202828551680843 -1.6366171188098184 0.1071590047556314 -0.5180388940014977 1.0878921583995638 -0.6917890770337920 0.9438122808254448 0.0101611195459671 -0.0758720632738203 8.9008520731594913 0.2791778621357244 1.8923666937371122 0.0522627171162940 -0.3419615855060866 2.4492797297741431 -0.5633606813398152 0.1212929710894189 -0.6602187624713349 0.2135958505406941 0.0608451290071848 -3.0941473734846925 0.3246305376973477 0.1022442852259141 0.2042818650572755 0.2791778621357244 2.8568342759360532 0.1644977549552810 0.3982414438112855 -1.1001571629725739 -0.3462456606377239 0.1774093969055353 2.9268370655539124 0.0936159244276610 -1.9933414282401494 -1.8290356919278141 -0.6105148446751707 0.8493562818082563 -0.0286489986522829 1.4117585827561228 1.8923666937371122 0.1644977549552810 7.2705933582841649 0.0000000000000000 0.1516151431629084 1.4238060799805252 -0.5093427863233344 0.0000000000000000 0.2010201229257408 0.0000000000000000 0.0000000000000000 0.1555624857788364 0.0000000000000000 0.0000000000000000 -0.0700546300217988 0.0522627171162940 0.3982414438112855 0.0000000000000000 11.9764715416229780 0.0702086780193900 0.0000000000000000 0.0000000000000000 -0.2503560251687278 -0.1485372840608788 -0.2267731189494401 0.2245927062166545 -0.3358690417136457 -1.8413868154891222 0.0167232455332311 -0.2558168155907579 -0.3419615855060866 -1.1001571629725739 0.1516151431629084 0.0702086780193900 8.5308251736564404 0.1954090068802657 1.1730043035264572 -0.8084734414041270 -0.1526407835901917 -0.6994479509178140 -0.0664711961379311 0.9954445769178054 -1.3906903142394995 0.0593332661740965 1.8272313138478866 2.4492797297741431 -0.3462456606377239 1.4238060799805252 0.0000000000000000 0.1954090068802657 9.6363686302228224 0.8347472940169978 -0.0428961041621175 0.1880896608291603 -0.4197094295020000 0.1149887585381288 -1.2266238972500147 -3.0187925707304908 -0.0075113425939622 -0.4202828551680843 -0.5633606813398152 0.1774093969055353 -0.5093427863233344 0.0000000000000000 1.1730043035264572 0.8347472940169978 7.4063782484943967 

15
0.0000000001000000
1.1000000000000001
9.6560386510058489 -0.0215890750901130 0.6435697858694671 -0.6862908590577910 -0.1715521829381691 0.2692167257653989 -0.0346428498261782 -0.3187265239449326 1.0378592572108298 -0.0793387500879015 0.0000000000000000 0.2484377470378463 0.0171759173926637 0.0860247250384908 -0.6223663129193714 -0.0215890750901130 2.3061434831986047 -0.0530626216292226 -0.3493977530092078 0.0037240473844858 -0.1299001889059552 0.0007520254891354 -0.2179861203999143 -0.0910494345732398 -0.0750146370202275 0.0000000000000000 0.0000000000000000 -0.0082875791152901 -1.3665746029843049 -0.0619603011486201 0.6435697858694671 -0.0530626216292226 12.2313932608515530 -2.3694603008776389 -0.6192742153942006 0.1101892965683938 -0.1250547983575230 -1.3114825229769915 -0.2949588202206135 -0.4510408234848131 0.0000000000000000 -0.0570111934944701 0.0070300322167342 0.7148681614449606 -2.7990668926544737 -0.6862908590577910 -0.3493977530092078 -2.3694603008776389 4.9445610844542305 -0.4580192087539948 -1.1231397263554268 -0.0918742125128132 2.4786664566866143 0.1871675657484534 -3.2672952457275155 -0.0113948118179943 -0.0082348541037033 -0.0671547725594509 -0.6081079689101235 -2.6987079509848662 -0.1715521829381691 0.0037240473844858 -0.6192742153942006 -0.4580192087539948 6.8081835347402562 -0.2532654683864388 0.3371997666465155 0.6261953886010183 0.1024155805843084 -0.8516107003784237 -0.0154097633752259 -0.0218279702044379 -0.2199472777034778 0.1253167702207544 -0.7034101283807613 0.2692167257653989 -0.1299001889059552 0.1101892965683938 -1.1231397263554268 -0.2532654683864388 8.4174229278842816 -0.1267159090632967 -0.1542359502083021 0.9555229843293758 0.2223522571152606 0.1263011458651963 0.0417175704567953 -0.3331658355119610 -0.0578173813622825 0.1836576614804125 -0.0346428498261782 0.0007520254891354 -0.1250547983575230 -0.0918742125128132 0.3371997666465155 -0.1267159090632967 5.2064559335124958 0.1264524440179760 -0.0037310538683738 -0.1719722891209691 0.0763094999067599 0.1080926065975947 1.0010835734380334 0.0276180178571999 -0.1420450094330204 -0.3187265239449326 -0.2179861203999143 -1.3114825229769915 2.4786664566866143 0.6261953886010183 -0.1542359502083021 0.1264524440179760 4.4716495166626071 0.0795886048606858 -1.7902905398661308 0.0000000000000000 0.0000000000000000 -0.0098401907690732 -0.4129593949735660 -1.4787372891469170 1.0378592572108298 -0.0910494345732398 -0.2949588202206135 0.1871675657484534 0.1024155805843084 0.9555229843293758 -0.0037310538683738 0.0795886048606858 11.0256939287298810 -0.0734310954030096 0.4507639229342824 0.3344873410014492 -0.1170950580760613 -0.8116782210048287 -0.0606523335388090 -0.0793387500879015 -0.0750146370202275 -0.4510408234848131 -3.2672952457275155 -0.8516107003784237 0.2223522571152606 -0.1719722891209691 -1.7902905398661308 -0.0734310954030096 9.3932725017518361 0.0000000000000000 0.0000000000000000 0.0141859833909877 0.9498347842384631 -0.5011424436602715 0.0000000000000000 0.0000000000000000 0.0000000000000000 -0.0113948118179943 -0.0154097633752259 0.1263011458651963 0.0763094999067599 0.0000000000000000 0.4507639229342824 0.0000000000000000 7.3325603428972883 -2.0772521717571415 0.5873290149503494 -0.0426866977636316 0.0000000000000000 0.2484377470378463 0.0000000000000000 -0.0570111934944701 -0.0082348541037033 -0.0218279702044379 0.0417175704567953 0.1080926065975947 0.0000000000000000 0.3344873410014492 0.0000000000000000 -2.0772521717571415 9.9801262444424417 0.8232005290746687 -0.0308490156631875 0.0000000000000000 0.0171759173926637 -0.0082875791152901 0.0070300322167342 -0.0671547725594509 -0.2199472777034778 -0.3331658355119610 1.0010835734380334 -0.0098401907690732 -0.1170950580760613 0.0141859833909877 0.5873290149503494 0.8232005290746687 12.6042469181622410 0.0131730207788736 0.0117172839583015 0.0860247250384908 -1.3665746029843049 0.7148681614449606 -0.6081079689101235 0.1253167702207544 -0.0578173813622825 0.0276180178571999 -0.4129593949735660 -0.8116782210048287 0.9498347842384631 -0.0426866977636316 -0.0308490156631875 0.0131730207788736 2.7741004515239864 0.7845408790951092 -0.6223663129193714 -0.0619603011486201 -2.7990668926544737 -2.6987079509848662 -0.7034101283807613 0.1836576614804125 -0.1420450094330204 -1.4787372891469170 -0.0606523335388090 -0.5011424436602715 0.0000000000000000 0.0000000000000000 0.0117172839583015 0.7845408790951092 11.8581512201824460 

15
0.0000000001000000
1.1000000000000001
7.5542055576955818 -0.8252445966579424 0.2238953436654302 0.4926728594708362 -0.1798436115973777 -0.1127142809579964 0.7378329634175878 -0.3802886765995480 0.1645174080188274 -1.3084080089037669 0.8955286036658896 0.0275648360067492 -0.0982530254096574 -0.1321321811956482 -0.4044152313403858 -0.8252445966579424 3.8255573542071972 0.0092759144662737 -0.1041665344312617 -0.8506001170818571 0.0238313432587229 -0.1560010893859835 0.0804049842878968 0.0175546579858911 -2.3099827715453047 -1.8404103396446736 -0.0058280730992024 -0.6196528242320837 0.0279368979585711 0.0855060966118404 0.2238953436654302 0.0092759144662737 5.9507420666767743 -1.2838464232543831 0.7228257321557968 -0.1875192760921245 1.2275099659157920 0.0285812810258247 2.7747952902865722 0.1047582209146570 0.0650094908232480 -0.0074104971311101 -0.6165044933632587 -0.1203080631001835 0.0185179987309652 0.4926728594708362 -0.1041665344312617 -1.2838464232543831 6.2867040104257477 -0.2656085294644539 -0.4651659227966680 3.0449979220099319 0.0000000000000000 -0.9809476343009014 -0.0013556278528395 0.0021237751405115 -0.0189278666688374 0.1748841088936963 -0.3098920221554793 0.0000000000000000 -0.1798436115973777 -0.8506001170818571 0.7228257321557968 -0.2656085294644539 7.1153036661551603 0.0000000000000000 0.0000000000000000 0.0000000000000000 0.6682366891829608 -1.6310617294225929 -1.0411237366557446 0.0000000000000000 -4.0037809697396938 0.0000000000000000 0.0000000000000000 -0.1127142809579964 0.0238313432587229 -0.1875192760921245 -0.4651659227966680 0.0000000000000000 6.1429992137441243 -0.9360795521778762 -0.0095957796857179 -0.1594549715349637 -0.0197829574850564 0.0309926896415955 0.0085435034370431 -0.0296083588167938 0.1247549703935915 -0.0102045622188678 0.7378329634175878 -0.1560010893859835 1.2275099659157920 3.0449979220099319 0.0000000000000000 -0.9360795521778762 12.1276206005820430 0.0628144233511452 1.0437997135709258 0.1295001664589672 -0.2028795982920895 -0.0559261737318890 0.1938177038619208 -0.8166518805268288 0.0667995423324590 -0.3802886765995480 0.0804049842878968 0.0285812810258247 0.0000000000000000 0.0000000000000000 -0.0095957796857179 0.0628144233511452 14.1930578279094440 -0.0309161195694029 -1.6654806517522667 2.6092016313956643 0.0756687735926969 0.0000000000000000 0.0000000000000000 -0.8581367926133600 0.1645174080188274 0.0175546579858911 2.7747952902865722 -0.9809476343009014 0.6682366891829608 -0.1594549715349637 1.0437997135709258 -0.0309161195694029 5.6749045194542429 0.0940996673214043 0.0644034617177987 -0.0067260360748357 -0.5568366580355630 -0.1112221911750553 -0.0200307558795311 -1.3084080089037669 -2.3099827715453047 0.1047582209146570 -0.0013556278528395 -1.6310617294225929 -0.0197829574850564 0.1295001664589672 -1.6654806517522667 0.0940996673214043 7.3405049392353892 2.9202525387187750 0.1214787462500929 -1.1755828827320403 0.0003533197694847 -1.0790757967681248 0.8955286036658896 -1.8404103396446736 0.0650094908232480 0.0021237751405115 -1.0411237366557446 0.0309926896415955 -0.2028795982920895 2.6092016313956643 0.0644034617177987 2.9202525387187750 4.6295604297118151 -0.1903129541385926 -0.7501965729245700 -0.0005535234035735 1.6905187858920658 0.0275648360067492 -0.0058280730992024 -0.0074104971311101 -0.0189278666688374 0.0000000000000000 0.0085435034370431 -0.0559261737318890 0.0756687735926969 -0.0067260360748357 0.1214787462500929 -0.1903129541385926 11.9961268946105090 -0.0012047810050186 0.0268631472543661 0.0490262928417086 -0.0982530254096574 -0.6196528242320837 -0.6165044933632587 0.1748841088936963 -4.0037809697396938 -0.0296083588167938 0.1938177038619208 0.0000000000000000 -0.5568366580355630 -1.1755828827320403 -0.7501965729245700 -0.0012047810050186 9.5998367002956062 -0.0197249921732809 0.0000000000000000 -0.1321321811956482 0.0279368979585711 -0.1203080631001835 -0.3098920221554793 0.0000000000000000 0.1247549703935915 -0.8166518805268288 0.0000000000000000 -0.1112221911750553 0.0003533197694847 -0.0005535234035735 0.0268631472543661 -0.0197249921732809 7.1198686544237599 0.0000000000000000 -0.4044152313403858 0.0855060966118404 0.0185179987309652 0.0000000000000000 0.0000000000000000 -0.0102045622188678 0.0667995423324590 -0.8581367926133600 -0.0200307558795311 -1.0790757967681248 1.6905187858920658 0.0490262928417086 0.0000000000000000 0.0000000000000000 9.4440075648726047 

15
0.0000000001000000
1.1000000000000001
5.9848142067231844 0.0865039716087923 0.0237362442600786 0.4004004983734865 1.8588714917758595 0.0000000000000000 -0.3594972319941904 0.0971202905563898 0.1585727644304820 0.7659608711717671 -0.4168916584950217 0.0000000000000000 0.0000000000000000 -1.0077993616814993 -2.7320039008762258 0.0865039716087923 7.8181077412075481 0.0747619552520438 1.7874139372063316 -0.0475941827186508 1.1028206856498990 -1.8829864419252993 0.1987735188903569 0.4994560128656742 -0.1109476448390576 -0.1934101736026952 0.3561545415559570 -1.7427146950866050 1.3024573047639578 -0.0058963155354452 0.0237362442600786 0.0747619552520438 8.8637079869964914 0.5243774467554738 -0.0431962621322861 0.0034367796316999 0.1451995466107391 0.1869697566188793 -0.9105147821599640 -0.1007020029777831 -0.1755516097076718 0.0000000000000000 -0.0054309158740600 0.0230508468376188 -0.0267484474032880 0.4004004983734865 1.7874139372063316 0.5243774467554738 10.9281987147092150 0.0082890996275374 0.0241910592824457 3.0571310289372171 0.7314344202809422 3.5031650511308894 0.2990186450772835 0.6176381638199784 0.0162278651905503 -0.0382275333150695 0.0013252557727360 0.1633240330534757 1.8588714917758595 -0.0475941827186508 -0.0431962621322861 0.0082890996275374 10.1835332205200010 0.0000000000000000 -0.1946789532765070 0.0020105863193166 -0.2885776968052519 -0.1828373787898514 0.0397816182922048 0.0000000000000000 0.0000000000000000 -0.2151816565328503 -2.5944346879719467 0.0000000000000000 1.1028206856498990 0.0034367796316999 0.0241910592824457 0.0000000000000000 12.0287199255074300 -0.6178486120181859 -0.2135280188536147 0.0229598095202288 -0.0701833338063682 -0.1465299211250293 0.3327529592199237 1.5348497547137643 0.3150559994037617 0.0000000000000000 -0.3594972319941904 -1.8829864419252993 0.1451995466107391 3.0571310289372171 -0.1946789532765070 -0.6178486120181859 5.1932561834526147 0.8730640158721459 0.9700226054229747 -0.2468420447300401 -0.3079192361027194 -0.1995334255402045 0.9763453565149890 -1.3548290736574220 -0.1883923604621146 0.0971202905563898 0.1987735188903569 0.1869697566188793 0.7314344202809422 0.0020105863193166 -0.2135280188536147 0.8730640158721459 6.1108094790174272 1.2490733937135503 -1.1482097089765202 -2.3988660799594386 -0.0669030670378963 0.3374242259970236 -0.0667503337468838 0.0396155289751890 0.1585727644304820 0.4994560128656742 -0.9105147821599640 3.5031650511308894 -0.2885776968052519 0.0229598095202288 0.9700226054229747 1.2490733937135503 2.9171991794524197 -0.6727515448908193 -1.1727931237371936 0.0000000000000000 -0.0362818706322257 0.1539938865413728 -0.1786961409095599 0.7659608711717671 -0.1109476448390576 -0.1007020029777831 0.2990186450772835 -0.1828373787898514 -0.0701833338063682 -0.2468420447300401 -1.1482097089765202 -0.6727515448908193 10.3782202854754500 -1.2501660048272945 0.0000000000000000 0.1109060872415978 -0.0957152284946305 -0.9671537437940706 -0.4168916584950217 -0.1934101736026952 -0.1755516097076718 0.6176381638199784 0.0397816182922048 -0.1465299211250293 -0.3079192361027194 -2.3988660799594386 -1.1727931237371936 -1.2501660048272945 8.4052811662999254 0.0000000000000000 0.2315515569641175 0.0731592722184164 0.4038442910490724 0.0000000000000000 0.3561545415559570 0.0000000000000000 0.0162278651905503 0.0000000000000000 0.3327529592199237 -0.1995334255402045 -0.0669030670378963 0.0000000000000000 0.0000000000000000 0.0000000000000000 6.1074621460990466 -0.5258275251922575 0.1017469353741542 0.0000000000000000 0.0000000000000000 -1.7427146950866050 -0.0054309158740600 -0.0382275333150695 0.0000000000000000 1.5348497547137643 0.9763453565149890 0.3374242259970236 -0.0362818706322257 0.1109060872415978 0.2315515569641175 -0.5258275251922575 10.5745782999042390 -0.4978621883688846 0.0000000000000000 -1.0077993616814993 1.3024573047639578 0.0230508468376188 0.0013252557727360 -0.2151816565328503 0.3150559994037617 -1.3548290736574220 -0.0667503337468838 0.1539938865413728 -0.0957152284946305 0.0731592722184164 0.1017469353741542 -0.4978621883688846 2.0290898990113559 -0.3488122108219320 -2.7320039008762258 -0.0058963155354452 -0.0267484474032880 0.1633240330534757 -2.5944346879719467 0.0000000000000000 -0.1883923604621146 0.0396155289751890 -0.1786961409095599 -0.9671537437940706 0.4038442910490724 0.0000000000000000 0.0000000000000000 -0.3488122108219320 11.4771215656236510 

15
0.0000000001000000
1.1000000000000001
4.7141421855778818 -0.0179803358187751 -0.0041375992629696 -0.0150601134052488 -0.2736216795951045 -0.4854349330691078 0.5536131960288226 3.6505320586516601 0.0239869289803743 -0.0245076271072511 0.1527055246847731 -0.3128924553043208 -2.1808758660895333 -0.0533238116113999 -0.0317372363305399 -0.0179803358187751 10.0514826931614860 0.0236357033912867 0.0000000000000000 -1.0409954981584677 0.0000000000000000 -0.1385910118883295 -0.0356323013420086 -0.0391077195103375 0.9915887550421989 -0.6564953364635463 0.9609206726971578 -0.1193069387231076 -0.3541942779102065 -4.3117425597987129 -0.0041375992629696 0.0236357033912867 9.0951178888183328 0.0000447067516933 -0.3109855123318169 0.0014410395481103 -0.0454084063626023 -0.0098866791509809 -0.5419962262165543 -0.5525046303351410 -0.2268960584850221 0.0930288409299098 -0.0081979548491747 -0.1178643320132198 0.0034762995940580 -0.0150601134052488 0.0000000000000000 0.0000447067516933 4.0043642033394526 -0.0064335619616375 0.1406720320744012 -0.0523373815941132 0.0756705547134751 -0.0002591787192657 0.0000000000000000 0.0064352498987025 0.0016430883769809 0.0114524071337057 0.0212433600441070 0.0000000000000000 -0.2736216795951045 -1.0409954981584677 -0.3109855123318169 -0.0064335619616375 6.5163916158617656 -0.2073739842593087 -0.1640063552114955 -0.2994707396664949 1.8028781726132839 -1.5541480796964309 0.9211751620558505 0.0219250773439317 0.1528188718868950 -0.1579621696931068 -1.8374695821634623 -0.4854349330691078 0.0000000000000000 0.0014410395481103 0.1406720320744012 -0.2073739842593087 8.5343030717771775 -1.6869988058852186 2.4391005349160020 -0.0083541472002352 0.0000000000000000 0.2074283917922483 0.0529619183364430 0.3691471864011999 0.6847404653393877 0.0000000000000000 0.5536131960288226 -0.1385910118883295 -0.0454084063626023 -0.0523373815941132 -0.1640063552114955 -1.6869988058852186 10.0811416521844760 -0.4893798236379914 0.2632464260809047 -0.1889028588792603 0.0543893574082911 -0.3158601129132961 -2.2015605861858880 -0.8694520440741436 -0.2446281171787494 3.6505320586516601 -0.0356323013420086 -0.0098866791509809 0.0756705547134751 -0.2994707396664949 2.4391005349160020 -0.4893798236379914 6.9551076115641788 0.0573161042367656 -0.0485676776599070 0.4948176037487418 0.0317954607277328 0.2216159315342635 -0.0007777391012981 -0.0628948635937869 0.0239869289803743 -0.0391077195103375 -0.5419962262165543 -0.0002591787192657 1.8028781726132839 -0.0083541472002352 0.2632464260809047 0.0573161042367656 12.1437448057773360 3.2030384014679574 1.3153858783561792 0.0117257826460616 -0.0315325605755352 0.6832955976725693 -0.0756260839801600 -0.0245076271072511 0.9915887550421989 -0.5525046303351410 0.0000000000000000 -1.5541480796964309 0.0000000000000000 -0.1889028588792603 -0.0485676776599070 3.2030384014679574 6.2731999387181734 -0.8948188212868424 0.0035557733964075 0.0247839161796538 -0.4827752592630249 1.7502613398699032 0.1527055246847731 -0.6564953364635463 -0.2268960584850221 0.0064352498987025 0.9211751620558505 0.2074283917922483 0.0543893574082911 0.4948176037487418 1.3153858783561792 -0.8948188212868424 5.6955192674501749 -0.0362269590859260 -0.2525036939464291 -0.1570646382260227 -1.1587852336709183 -0.3128924553043208 0.9609206726971578 0.0930288409299098 0.0016430883769809 0.0219250773439317 0.0529619183364430 -0.3158601129132961 0.0317954607277328 0.0117257826460616 0.0035557733964075 -0.0362269590859260 14.3583032010485830 -1.0163951947983225 0.1399838660233324 -0.5383149800663992 -2.1808758660895333 -0.1193069387231076 -0.0081979548491747 0.0114524071337057 0.1528188718868950 0.3691471864011999 -2.2015605861858880 0.2216159315342635 -0.0315325605755352 0.0247839161796538 -0.2525036939464291 -1.0163951947983225 7.4198017387291868 0.9756944594757711 0.1099882628551392 -0.0533238116113999 -0.3541942779102065 -0.1178643320132198 0.0212433600441070 -0.1579621696931068 0.6847404653393877 -0.8694520440741436 -0.0007777391012981 0.6832955976725693 -0.4827752592630249 -0.1570646382260227 0.1399838660233324 0.9756944594757711 8.2738351090362752 -0.6251911876541888 -0.0317372363305399 -4.3117425597987129 0.0034762995940580 0.0000000000000000 -1.8374695821634623 0.0000000000000000 -0.2446281171787494 -0.0628948635937869 -0.0756260839801600 1.7502613398699032 -1.1587852336709183 -0.5383149800663992 0.1099882628551392 -0.6251911876541888 4.8835550169555271 

15
0.0000000001000000
1.1000000000000001
6.2242693564723508 0.2749253374198551 -0.2890613126564297 0.0249691208124149 -0.5675847462860089 -0.6867687346083224 -0.2166427151841731 -0.2067992591944733 4.6093889959097272 1.7369493363602451 0.2683552433150116 -0.7349979453698267 2.1536961163134993 0.3654033079372773 0.3853590717977299 0.2749253374198551 6.4519857211226288 0.0000000000000000 -0.1239726277584964 0.4683263786473329 0.6773900980924070 0.0000000000000000 0.0000000000000000 0.3164007668298212 -0.6696100941957208 2.6436089111623566 1.3568598339328009 0.3470054933416860 0.3129140327917404 0.0000000000000000 -0.2890613126564297 0.0000000000000000 10.3998096575703830 -0.0495989154600780 -0.0129810753166017 0.0000000000000000 2.5518355976162459 1.9808268053702505 -0.3332189115113864 0.0000000000000000 -0.1770159607335667 0.4777199935802681 -0.1256879865169309 0.1540608183908065 -0.0604941219544626 0.0249691208124149 -0.1239726277584964 -0.0495989154600780 10.4414638154664350 -0.6369467001121045 -0.3064332823190862 -0.0371728877057756 -0.0354838870678784 0.2327288597158105 0.3519798304461119 0.2007090957387629 1.2108580510684046 0.1164011621204167 0.2868764260832504 0.0169192090734042 -0.5675847462860089 0.4683263786473329 -0.0129810753166017 -0.6369467001121045 3.8085665532021236 0.3500622242935443 -0.0097289235171412 -0.0092868766641615 0.8444733354727150 0.0306093838372652 -0.5069401655062487 -0.3959156814735770 -0.5403366576360086 -0.0672832362391822 0.0173055850641893 -0.6867687346083224 0.6773900980924070 0.0000000000000000 -0.3064332823190862 0.3500622242935443 8.3284947423432136 0.0000000000000000 0.0000000000000000 0.5122155598968574 -1.9726062440057324 -0.3083256544298391 -0.2050142274105294 -0.0966825635847825 -0.0472796283553994 0.0000000000000000 -0.2166427151841731 0.0000000000000000 2.5518355976162459 -0.0371728877057756 -0.0097289235171412 0.0000000000000000 8.9154500051507881 1.4762190582096602 -0.2497375005915919 0.0000000000000000 -0.1326681111762462 0.3580366931703717 -0.0941993462038406 0.1154639259503747 -0.0453385155988489 -0.2067992591944733 0.0000000000000000 1.9808268053702505 -0.0354838870678784 -0.0092868766641615 0.0000000000000000 1.4762190582096602 9.4141899929152935 -0.2383903380804449 0.0000000000000000 -0.1266401553666553 0.3417688097618570 -0.0899192709757042 0.1102176656617504 -0.0432784985677838 4.6093889959097272 0.3164007668298212 -0.3332189115113864 0.2327288597158105 0.8444733354727150 0.5122155598968574 -0.2497375005915919 -0.2383903380804449 7.6387177714668972 -1.4154685449165232 0.2660193843561628 -0.8400931323832007 2.0740513591346694 0.4228799540513731 0.4442273138021104 1.7369493363602451 -0.6696100941957208 0.0000000000000000 0.3519798304461119 0.0306093838372652 -1.9726062440057324 0.0000000000000000 0.0000000000000000 -1.4154685449165232 7.1027532002159450 0.2940946101071867 0.2042501319814079 0.0357440253780777 0.0471034154731364 0.0000000000000000 0.2683552433150116 2.6436089111623566 -0.1770159607335667 0.2007090957387629 -0.5069401655062487 -0.3083256544298391 -0.1326681111762462 -0.1266401553666553 0.2660193843561628 0.2940946101071867 9.3070285064649489 3.3881709587364992 0.0337013661639247 0.8086085722467815 0.0603837810000377 -0.7349979453698267 1.3568598339328009 0.4777199935802681 1.2108580510684046 -0.3959156814735770 -0.2050142274105294 0.3580366931703717 0.3417688097618570 -0.8400931323832007 0.2042501319814079 3.3881709587364992 5.9529608122591746 -0.3473660511391714 -2.3142132764096774 -0.4794427681965454 2.1536961163134993 0.3470054933416860 -0.1256879865169309 0.1164011621204167 -0.5403366576360086 -0.0966825635847825 -0.0941993462038406 -0.0899192709757042 2.0740513591346694 0.0357440253780777 0.0337013661639247 -0.3473660511391714 2.0145797956371383 0.1524764123628816 0.1675596273163631 0.3654033079372773 0.3129140327917404 0.1540608183908065 0.2868764260832504 -0.0672832362391822 -0.0472796283553994 0.1154639259503747 0.1102176656617504 0.4228799540513731 0.0471034154731364 0.8086085722467815 -2.3142132764096774 0.1524764123628816 13.8397210609375740 0.5760542018337167 0.3853590717977299 0.0000000000000000 -0.0604941219544626 0.0169192090734042 0.0173055850641893 0.0000000000000000 -0.0453385155988489 -0.0432784985677838 0.4442273138021104 0.0000000000000000 0.0603837810000377 -0.4794427681965454 0.1675596273163631 0.5760542018337167 9.1600100087751120 

15
0.0000000001000000
1.1000000000000001
4.6784539148839777 0.2216220762646544 -0.1215397525703729 0.4835197227375860 -0.1453839467522194 0.3861031678922637 -0.0942672185961741 1.0065726859748885 -0.8698400475373583 0.4131854971870073 2.0682831274849396 0.0282115292801297 -0.3406638430332554 0.7850089213324862 -0.3336375834768273 0.2216220762646544 8.3984855258422968 -0.9713134576634592 0.0119672916299575 0.8239437961132677 3.0856340834090870 0.0059234408435074 1.4744931855912453 2.1364874438691919 -0.7494840064902941 0.0183741325080284 -0.2204050803315745 1.1306537799932828 -0.0768053221139870 -0.9758807217965008 -0.1215397525703729 -0.9713134576634592 6.0086295426086682 0.0387303320593704 -0.4820904498736721 0.4399729260923430 -0.2753634583587916 0.5054665652450973 -0.2190042476955421 0.1139435261670078 -0.2709800249350799 -0.5874670356533229 0.0058527413450393 -0.4104377607453990 0.0000000000000000 0.4835197227375860 0.0119672916299575 0.0387303320593704 11.8361063246221270 1.5255057525957798 -0.2134492251823522 -0.3260871997531453 -0.0836678672260435 -0.4258990047640094 -0.0961202339356910 -0.0888235209100807 0.0000000000000000 0.0828613417791125 0.2099120939657706 0.0000000000000000 -0.1453839467522194 0.8239437961132677 -0.4820904498736721 1.5255057525957798 7.2780030894947956 1.5314878134136083 0.2240398218848591 -0.4226878241699573 -2.0455259121177116 0.4890582004528103 1.4747166636400537 0.5430943535069647 -1.3817736999440977 -3.6010858244195210 0.0000000000000000 0.3861031678922637 3.0856340834090870 0.4399729260923430 -0.2134492251823522 1.5314878134136083 4.7494363640279857 -0.1851160812666650 -1.6057482262172000 0.4649397903650341 -0.3619717457333455 0.8608397158154421 1.8662444072912885 0.4145434255623071 1.1645175266959833 0.0000000000000000 -0.0942672185961741 0.0059234408435074 -0.2753634583587916 -0.3260871997531453 0.2240398218848591 -0.1851160812666650 7.2759649275707119 0.0163119243298243 -0.3599232216393964 -0.0475765559315763 -0.2237104972962970 0.0000000000000000 0.7058438882534110 -0.2163891289605934 0.0000000000000000 1.0065726859748885 1.4744931855912453 0.5054665652450973 -0.0836678672260435 -0.4226878241699573 -1.6057482262172000 0.0163119243298243 10.3212984440699900 -0.9095053351144543 0.8317844516669274 -0.3578940629691590 0.1630354790648422 -0.5058562413511770 -0.1358373177198228 -1.9281040285360487 -0.8698400475373583 2.1364874438691919 -0.2190042476955421 -0.4258990047640094 -2.0455259121177116 0.4649397903650341 -0.3599232216393964 -0.9095053351144543 6.2463674383630785 -0.3384735241439187 -1.7536192289275390 1.2854713196637864 -1.2919120575941976 0.0027328437286739 0.0000000000000000 0.4131854971870073 -0.7494840064902941 0.1139435261670078 -0.0961202339356910 0.4890582004528103 -0.3619717457333455 -0.0475765559315763 0.8317844516669274 -0.3384735241439187 2.9796918438057443 -0.1475794164333694 -0.8944225693190469 -0.1183659138974813 0.6168935927509212 -0.1215004241625728 2.0682831274849396 0.0183741325080284 -0.2709800249350799 -0.0888235209100807 1.4747166636400537 0.8608397158154421 -0.2237104972962970 -0.3578940629691590 -1.7536192289275390 -0.1475794164333694 11.0944830203006930 0.0000000000000000 -0.6429289085781078 2.6650864245961774 0.0000000000000000 0.0282115292801297 -0.2204050803315745 -0.5874670356533229 0.0000000000000000 0.5430943535069647 1.8662444072912885 0.0000000000000000 0.1630354790648422 1.2854713196637864 -0.8944225693190469 0.0000000000000000 7.7963695407706144 0.6849292489900857 0.0000000000000000 0.0000000000000000 -0.3406638430332554 1.1306537799932828 0.0058527413450393 0.0828613417791125 -1.3817736999440977 0.4145434255623071 0.7058438882534110 -0.5058562413511770 -1.2919120575941976 -0.1183659138974813 -0.6429289085781078 0.6849292489900857 7.9431313071927212 0.1060820203385608 0.0000000000000000 0.7850089213324862 -0.0768053221139870 -0.4104377607453990 0.2099120939657706 -3.6010858244195210 1.1645175266959833 -0.2163891289605934 -0.1358373177198228 0.0027328437286739 0.6168935927509212 2.6650864245961774 0.0000000000000000 0.1060820203385608 8.6877615492833460 0.0000000000000000 -0.3336375834768273 -0.9758807217965008 0.0000000000000000 0.0000000000000000 0.0000000000000000 0.0000000000000000 0.0000000000000000 -1.9281040285360487 0.0000000000000000 -0.1215004241625728 0.0000000000000000 0.0000000000000000 0.0000000000000000 0.0000000000000000 13.7058172671632510 

15
0.0000000001000000
1.1000000000000001
8.8855807138743295 -1.7669604580011877 0.0000000000000000 -2.3813791320406694 3.5199156793017572 1.7292080080349794 -1.4255249865342634 0.0264501634002223 0.0000000000000000 -0.2155124420677687 -0.0092392282680333 -0.6736567244647227 -0.0068310431586091 -0.5097394594475260 0.8199719850425931 -1.7669604580011877 4.1241014757692032 0.0000000000000000 0.0637099402949635 -0.0409081279766456 0.0215641109429594 -3.2094643518928643 -1.9694027590211907 0.0000000000000000 2.0654654007887174 0.0021431478011059 -0.1557076745911801 0.0015845409053573 -1.7380529124256945 0.1895266927266932 0.0000000000000000 0.0000000000000000 9.0599357882425480 0.5431060425899463 0.6290287065314140 -0.5263063763033200 0.0000000000000000 0.0000000000000000 0.8200483543420583 0.0000000000000000 -0.0850619534823817 1.0311886036717015 1.6804632172536447 0.0000000000000000 0.8471839888758459 -2.3813791320406694 0.0637099402949635 0.5431060425899463 9.7143908179168896 1.2848888559161460 2.3281316594916355 0.4608536476762002 -0.4997745149334145 0.7864041045239093 0.3842707167613650 1.1530116018828356 0.1498769179655458 -1.2633981030845549 1.8155581297988024 -0.2491198233093151 3.5199156793017572 -0.0409081279766456 0.6290287065314140 1.2848888559161460 7.1586970254035887 -1.0069556358879033 0.1069901160832697 -0.1878325235640873 0.8431948907308611 -0.0483241980170988 1.1170051696353682 -0.7483742797519013 -1.5046851247374637 -3.3546749659657600 0.8374615275564743 1.7292080080349794 0.0215641109429594 -0.5263063763033200 2.3281316594916355 -1.0069556358879033 10.5253381255901120 0.6690678101417610 -0.8170159160447118 -0.6379949311317826 0.3827395380928372 -0.7074907340084345 -0.6677459982988213 1.3070080195172566 -2.1729604788596872 0.8704600750006533 -1.4255249865342634 -3.2094643518928643 0.0000000000000000 0.4608536476762002 0.1069901160832697 0.6690678101417610 9.5768676631997636 1.5008598954323145 0.0000000000000000 -1.5153040180745112 0.0298450274851227 0.1695337658360355 0.0220659848318854 -1.7489541989327821 -0.2063557498290806 0.0264501634002223 -1.9694027590211907 0.0000000000000000 -0.4997745149334145 -0.1878325235640873 -0.8170159160447118 1.5008598954323145 8.1613012829342324 0.0000000000000000 -1.8120134254900191 -0.0349216806047159 -0.7543652574884625 -0.0258194191615917 0.4927780948835836 0.9182100544182624 0.0000000000000000 0.0000000000000000 0.8200483543420583 0.7864041045239093 0.8431948907308611 -0.6379949311317826 0.0000000000000000 0.0000000000000000 9.5474257788879200 0.0000000000000000 -1.6753885107448701 1.3822786670427527 1.0982137635123239 0.0000000000000000 1.1356257727379722 -0.2155124420677687 2.0654654007887174 0.0000000000000000 0.3842707167613650 -0.0483241980170988 0.3827395380928372 -1.5153040180745112 -1.8120134254900191 0.0000000000000000 8.8112501836427306 0.0199896115972072 -0.2300017440980514 0.0147793620400963 -0.1046505347336415 0.2799571054845365 -0.0092392282680333 0.0021431478011059 -0.0850619534823817 1.1530116018828356 1.1170051696353682 -0.7074907340084345 0.0298450274851227 -0.0349216806047159 -1.6753885107448701 0.0199896115972072 6.5020178316343902 -0.2588903881701504 0.0843118732676891 -0.0168453642427752 -0.1820271533011983 -0.6736567244647227 -0.1557076745911801 1.0311886036717015 0.1498769179655458 -0.7483742797519013 -0.6677459982988213 0.1695337658360355 -0.7543652574884625 1.3822786670427527 -0.2300017440980514 -0.2588903881701504 5.5580522401684451 0.3186922287880801 1.0631450583640611 -1.4864189982687297 -0.0068310431586091 0.0015845409053573 1.6804632172536447 -1.2633981030845549 -1.5046851247374637 1.3070080195172566 0.0220659848318854 -0.0258194191615917 1.0982137635123239 0.0147793620400963 0.0843118732676891 0.3186922287880801 6.4503191949007679 -0.0124546560412435 0.2844987129230311 -0.5097394594475260 -1.7380529124256945 0.0000000000000000 1.8155581297988024 -3.3546749659657600 -2.1729604788596872 -1.7489541989327821 0.4927780948835836 0.0000000000000000 -0.1046505347336415 -0.0168453642427752 1.0631450583640611 -0.0124546560412435 8.7785903901680644 -1.2940554621312235 0.8199719850425931 0.1895266927266932 0.8471839888758459 -0.2491198233093151 0.8374615275564743 0.8704600750006533 -0.2063557498290806 0.9182100544182624 1.1356257727379722 0.2799571054845365 -0.1820271533011983 -1.4864189982687297 0.2844987129230311 -1.2940554621312235 6.1461314976670254 

15
0.0000000001000000
1.1000000000000001
