15
1.2000000000000000 0.0000000001000000
0.1105790793554039 -0.0208339489369166 0.0580230494009447 -0.0319714320443214 0.2212309736536745 -0.0407529343696590 0.0459948859106432 0.0228792339059179 -0.0361925853858705 0.0475268053682459 -0.0086380949848449 0.0049262694127711 0.0204916009264487 0.0441911688994523 -0.0083792603344822 -0.0208339489369166 1.9598561037953082 -0.0018012150243283 -0.0048844112767142 -0.1645323789173692 -0.1499754404794418 -0.2918175696840232 -0.1368061691249598 -0.0305443082297587 0.0000000000000000 -0.1013736824681841 0.0571365133360300 0.0451032659117851 -0.0775981435905739 0.0000000000000000 0.0580230494009447 -0.0018012150243283 1.5732971466868557 -0.0054354486039972 0.3757048768293243 -0.0643222922892911 0.0035681897438711 -0.1934041353299476 0.4651255281905825 0.0000000000000000 -0.0498388148358947 0.4063361633730568 0.1006225866332856 -0.1097012068997840 0.0000000000000000 -0.0319714320443214 -0.0048844112767142 -0.0054354486039972 0.6058817859253042 -0.2070181257669873 0.0354423943259446 0.0096759720449919 -0.4128340542050371 -0.2617583331869722 0.0000000000000000 -0.1144537855392700 0.1724183828443296 0.2311888679096447 -0.2341645586758598 0.0000000000000000 0.2212309736536745 -0.1645323789173692 0.3757048768293243 -0.2070181257669873 1.5722753765052444 0.1253295653553731 0.2840322138691914 0.2283947007588605 -0.2317238660359246 -0.0157881041582458 -0.0541772236841769 0.0318980726118659 0.1335568232927334 0.1446616805542281 -0.0542565239915887 -0.0407529343696590 -0.1499754404794418 -0.0643222922892911 0.0354423943259446 0.1253295653553731 2.3948745466830808 -0.1315302957661551 -0.0391021559888092 0.0554639370793197 0.0027029913982772 0.0198284300979491 -0.0054610873495197 -0.0176245767410006 -0.0247667024665644 0.0092889504768747 0.0459948859106432 -0.2918175696840232 0.0035681897438711 0.0096759720449919 0.2840322138691914 -0.1315302957661551 2.3824930740010317 0.2743175287974526 0.0345854793976427 0.0033686748993144 0.0926119643814568 -0.1131868867028824 -0.1430882533129078 0.1478930003652212 0.0216014627655551 0.0228792339059179 -0.1368061691249598 -0.1934041353299476 -0.4128340542050371 0.2283947007588605 -0.0391021559888092 0.2743175287974526 1.3246033087955356 0.1715753377955530 0.3617183660333389 -0.1076423742443318 -0.2575654889867915 0.2370905567994777 -0.1531974780163595 -0.0091850157706965 -0.0361925853858705 -0.0305443082297587 0.4651255281905825 -0.2617583331869722 -0.2317238660359246 0.0554639370793197 0.0345854793976427 0.1715753377955530 1.3609011417391814 0.0071719565617432 -0.1129943077932356 0.0927963430676278 0.2320657662379378 0.0809192528652000 0.0459898201088522 0.0475268053682459 0.0000000000000000 0.0000000000000000 0.0000000000000000 -0.0157881041582458 0.0027029913982772 0.0033686748993144 0.3617183660333389 0.0071719565617432 0.5050062353613665 0.0000000000000000 0.0000000000000000 0.0000000000000000 -0.6377124718376923 -0.0093596666503160 -0.0086380949848449 -0.1013736824681841 -0.0498388148358947 -0.1144537855392700 -0.0541772236841769 0.0198284300979491 0.0926119643814568 -0.1076423742443318 -0.1129943077932356 0.0000000000000000 1.1957672551380469 0.0280633312326393 -0.5996858504599406 -0.0610560800471827 0.0000000000000000 0.0049262694127711 0.0571365133360300 0.4063361633730568 0.1724183828443296 0.0318980726118659 -0.0054610873495197 -0.1131868867028824 -0.2575654889867915 0.0927963430676278 0.0000000000000000 0.0280633312326393 0.8931804697552324 -0.0650042556461800 -0.1460943166979372 0.0000000000000000 0.0204916009264487 0.0451032659117851 0.1006225866332856 0.2311888679096447 0.1335568232927334 -0.0176245767410006 -0.1430882533129078 0.2370905567994777 0.2320657662379378 0.0000000000000000 -0.5996858504599406 -0.0650042556461800 2.0912731449829796 0.1344806830581617 0.0000000000000000 0.0441911688994523 -0.0775981435905739 -0.1097012068997840 -0.2341645586758598 0.1446616805542281 -0.0247667024665644 0.1478930003652212 -0.1531974780163595 0.0809192528652000 -0.6377124718376923 -0.0610560800471827 -0.1460943166979372 0.1344806830581617 1.5077962341354552 0.0161932587920050 -0.0083792603344822 0.0000000000000000 0.0000000000000000 0.0000000000000000 -0.0542565239915887 0.0092889504768747 0.0216014627655551 -0.0091850157706965 0.0459898201088522 -0.0093596666503160 0.0000000000000000 0.0000000000000000 0.0000000000000000 0.0161932587920050 1.9105039531525019 
0.4290748107774075 1.0819286153108536 2.5581744278746781 -0.2179127462489441 2.3895880608762035 2.1693953299663780 2.6205194407104031 1.3108421612192029 1.8733811624118786 0.2646347869760319 0.1264107667930310 1.0994435102502420 2.4004703595924251 0.6318443204377697 1.9223969785487054 
1.0000000000000000 1.0000000000000000 1.0000000000000000 1.0000000000000000 1.0000000000000000 1.0000000000000000 1.0000000000000000 1.0000000000000000 1.0000000000000000 1.0000000000000000 1.0000000000000000 1.0000000000000000 1.0000000000000000 1.0000000000000000 1.0000000000000000 

15
1.2000000000000000 0.0000000001000000
1.3338945071172512 -0.0334120642517925 -0.2105526601658327 -0.1782723300991674 0.2011714555480441 0.0000000000000000 -0.0530168695791331 -0.0396928496643787 -0.0189915314555912 0.1631708736836220 -0.0463710926901671 0.2073174092634313 0.0183095621358066 0.9463445084656313 -0.0209440887898462 -0.0334120642517925 0.3293240887194531 -0.0398761029618448 0.1250362917938659 -0.0628143204739988 0.0000000000000000 -0.4307781032271980 -0.1355910050978499 0.1802732209254165 -0.1117845548587937 0.0235930152615775 -0.2751883771641901 -0.0045796796750008 0.0317343498777275 -0.1810246087617198 -0.2105526601658327 -0.0398761029618448 0.8314065045204950 -0.0709506169172734 -0.5394982702372915 0.0000000000000000 -0.0513674994605446 -0.0729398362353298 0.0369664881412242 0.5847414620323010 0.0706480956691285 0.0021402868453360 -0.0288597475155126 0.1999802147821601 -0.0405233667845074 -0.1782723300991674 0.1250362917938659 -0.0709506169172734 2.6164479345042184 -0.2326778504099381 0.0000000000000000 0.0131671964916357 -0.0089057282027416 -0.0018552060266057 0.1818327396250446 0.5739505582627480 0.1064558298695866 -0.0244351908525494 0.1693207715108832 -0.0046991426363587 0.2011714555480441 -0.0628143204739988 -0.5394982702372915 -0.2326778504099381 0.9270018096959956 0.0000000000000000 -0.1763445285922418 -0.2068117913356558 0.0008887277273194 -0.6930944087405259 -0.1494445565854964 0.6899180870795658 0.0275738972372615 -0.1910700670172105 -0.1115232912664861 0.0000000000000000 0.0000000000000000 0.0000000000000000 0.0000000000000000 0.0000000000000000 0.1214689013483738 0.0000000000000000 0.0000000000000000 0.0000000000000000 0.0000000000000000 0.0000000000000000 0.0000000000000000 0.0000000000000000 0.0000000000000000 0.0000000000000000 -0.0530168695791331 -0.4307781032271980 -0.0513674994605446 0.0131671964916357 -0.1763445285922418 0.0000000000000000 1.7244126528633192 -0.1468068753832117 -0.5592352623036500 -0.1109993921695236 -0.0011122365832144 -0.2941666249645661 -0.0072668446407258 0.0503547424058302 0.2446863792890517 -0.0396928496643787 -0.1355910050978499 -0.0729398362353298 -0.0089057282027416 -0.2068117913356558 0.0000000000000000 -0.1468068753832117 2.2151948480308277 -0.0192811869471927 -0.0840409935348612 -0.0033884538211772 -0.3331347627150066 -0.0054405658830572 0.0376997592666205 0.2424876368778431 -0.0189915314555912 0.1802732209254165 0.0369664881412242 -0.0018552060266057 0.0008887277273194 0.0000000000000000 -0.5592352623036500 -0.0192811869471927 2.8607325624607469 -0.0266808642015247 0.0006184843864159 -0.1001723477364934 -0.0026031055713549 0.0180379128743375 0.1459743804371418 0.1631708736836220 -0.1117845548587937 0.5847414620323010 0.1818327396250446 -0.6930944087405259 0.0000000000000000 -0.1109993921695236 -0.0840409935348612 -0.0266808642015247 2.2078557820824529 0.2197802349086554 0.3102479417055464 0.0223652848303414 -0.1549776019915544 -0.0383048647339494 -0.0463710926901671 0.0235930152615775 0.0706480956691285 0.5739505582627480 -0.1494445565854964 0.0000000000000000 -0.0011122365832144 -0.0033884538211772 0.0006184843864159 0.2197802349086554 2.9194739373378731 0.0174751615764112 -0.0063559302741777 0.0440426687962971 -0.0017879310326947 0.2073174092634313 -0.2751883771641901 0.0021402868453360 0.1064558298695866 0.6899180870795658 0.0000000000000000 -0.2941666249645661 -0.3331347627150066 -0.1001723477364934 0.3102479417055464 0.0174751615764112 2.6052329652416284 0.0284163025164369 -0.1969074149902844 -0.1012318126094606 0.0183095621358066 -0.0045796796750008 -0.0288597475155126 -0.0244351908525494 0.0275738972372615 0.0000000000000000 -0.0072668446407258 -0.0054405658830572 -0.0026031055713549 0.0223652848303414 -0.0063559302741777 0.0284163025164369 0.1834935638469921 -0.0173901871655387 -0.0028707360616645 0.9463445084656313 0.0317343498777275 0.1999802147821601 0.1693207715108832 -0.1910700670172105 0.0000000000000000 0.0503547424058302 0.0376997592666205 0.0180379128743375 -0.1549776019915544 0.0440426687962971 -0.1969074149902844 -0.0173901871655387 1.4314439725806059 0.0198924267749040 -0.0209440887898462 -0.1810246087617198 -0.0405233667845074 -0.0046991426363587 -0.1115232912664861 0.0000000000000000 0.2446863792890517 0.2424876368778431 0.1459743804371418 -0.0383048647339494 -0.0017879310326947 -0.1012318126094606 -0.0028707360616645 0.0198924267749040 1.8835863226760938 
2.2689548295178774 -0.5850878498943477 0.6713149517125080 3.2644152569133480 -0.5167251073706584 0.1214689013483738 0.2015267341458276 1.4393481953548286 2.5146722727101896 2.4701116386372304 3.6611219552121788 2.6664026439179414 0.1803566229272569 2.3885060561704092 2.0337173033783471 
2.0000000000000000 2.0000000000000000 2.0000000000000000 2.0000000000000000 2.0000000000000000 2.0000000000000000 2.0000000000000000 2.0000000000000000 2.0000000000000000 2.0000000000000000 2.0000000000000000 2.0000000000000000 2.0000000000000000 2.0000000000000000 2.0000000000000000 

15
1.2000000000000000 0.0000000001000000
0.5829366183356581 -0.0933220569830697 -0.0004204940529372 -0.0688410277947022 -0.0090148578515888 -0.0028445056456652 -0.0074895658508563 -0.0402031544929330 0.0008005352335211 0.0118664198471149 0.2747114481416600 -0.0437589052788300 -0.0021269299881620 0.0759287099023530 0.0018957855667214 -0.0933220569830697 1.3227441994385349 -0.0008003254084161 -0.0869581873925444 -0.0001923102173003 0.0969722083196711 -0.0738153668598754 0.0120238751619690 0.0002755223338920 -0.0034137060320846 0.3008105438960563 -0.0276153367617193 -0.0007320311334526 -0.1900579458491152 0.1146117891792693 -0.0004204940529372 -0.0008003254084161 0.8302552687056596 0.0166358651645662 -0.1199457525047398 -0.0042381149679699 -0.0059721059074203 0.0000000000000000 0.2014425459826941 0.0743065827814598 0.0079183919433521 -0.0086132284505652 -0.5352096622378039 0.0006318427097195 0.0000000000000000 -0.0688410277947022 -0.0869581873925444 0.0166358651645662 0.8426339654136990 -0.0747026765122658 -0.0899279113281365 -0.1574571915977097 0.0111096902844278 0.0000627253991161 0.1047686420367617 0.0443480439068027 -0.0964344134477744 -0.0001666541668787 0.0885401707720876 0.0167378941565583 -0.0090148578515888 -0.0001923102173003 -0.1199457525047398 -0.0747026765122658 1.4135429235083072 0.0181777993772728 0.0256151010214131 0.0000000000000000 0.0581861275106725 -0.3187101257092874 -0.0236451798359402 0.0342910753874352 -0.1545938446120921 0.0001518255043860 0.0000000000000000 -0.0028445056456652 0.0969722083196711 -0.0042381149679699 -0.0899279113281365 0.0181777993772728 0.9976553365030014 -0.3891812052147993 0.0000000000000000 0.0000467948832045 -0.0306743460098130 -0.0291926968979448 0.0116031493729794 -0.0001243286194193 0.1228301300855548 0.0232928971932743 -0.0074895658508563 -0.0738153668598754 -0.0059721059074203 -0.1574571915977097 0.0256151010214131 -0.3891812052147993 0.7413114039319874 0.0000000000000000 0.0000659406364704 -0.0323770263888598 -0.0511142758774981 0.0305510208561837 -0.0001751966825126 -0.0934984494095741 -0.0251800979918308 -0.0402031544929330 0.0120238751619690 0.0000000000000000 0.0111096902844278 0.0000000000000000 0.0000000000000000 0.0000000000000000 0.3163970408445246 0.0000000000000000 0.0000000000000000 -0.0342233280561147 -0.0098557810688026 0.0000000000000000 -0.0094926360999865 0.0000000000000000 0.0008005352335211 0.0002755223338920 0.2014425459826941 0.0000627253991161 0.0581861275106725 0.0000467948832045 0.0000659406364704 0.0000000000000000 1.0093210916697175 -0.0008204515188621 -0.0008464925764700 0.0002902150020411 0.0530774601180682 -0.0002175199939973 0.0000000000000000 0.0118664198471149 -0.0034137060320846 0.0743065827814598 0.1047686420367617 -0.3187101257092874 -0.0306743460098130 -0.0323770263888598 0.0000000000000000 -0.0008204515188621 1.3809155131306270 0.0340103441325177 -0.0484048404749645 0.0021798452663045 -0.0043239806874619 -0.0059072123045968 0.2747114481416600 0.3008105438960563 0.0079183919433521 0.0443480439068027 -0.0236451798359402 -0.0291926968979448 -0.0511142758774981 -0.0342233280561147 -0.0008464925764700 0.0340103441325177 0.7204165161551996 0.0415189536690957 0.0022490333595081 -0.2310284056169375 0.0054335107266014 -0.0437589052788300 -0.0276153367617193 -0.0086132284505652 -0.0964344134477744 0.0342910753874352 0.0116031493729794 0.0305510208561837 -0.0098557810688026 0.0002902150020411 -0.0484048404749645 0.0415189536690957 0.7507080418512255 -0.0007710678618613 0.0126131305688436 -0.0077331831432039 -0.0021269299881620 -0.0007320311334526 -0.5352096622378039 -0.0001666541668787 -0.1545938446120921 -0.0001243286194193 -0.0001751966825126 0.0000000000000000 0.0530774601180682 0.0021798452663045 0.0022490333595081 -0.0007710678618613 0.8882777158974274 0.0005779255913855 0.0000000000000000 0.0759287099023530 -0.1900579458491152 0.0006318427097195 0.0885401707720876 0.0001518255043860 0.1228301300855548 -0.0934984494095741 -0.0094926360999865 -0.0002175199939973 -0.0043239806874619 -0.2310284056169375 0.0126131305688436 0.0005779255913855 1.2320541248502030 0.1451733565540769 0.0018957855667214 0.1146117891792693 0.0000000000000000 0.0167378941565583 0.0000000000000000 0.0232928971932743 -0.0251800979918308 0.0000000000000000 0.0000000000000000 -0.0059072123045968 0.0054335107266014 -0.0077331831432039 0.0000000000000000 0.1451733565540769 1.2750712216570741 
0.6801180190882841 1.3705308716918148 0.4559908137575991 0.5503489348940079 0.8491601050662725 0.7243952070512104 -0.0387170153348817 0.2457557065730846 1.3216844946800681 1.1634156580688553 1.0613664070698883 0.6383888302200832 0.2524622649305113 1.1498822788815377 1.5433959615939443 
3.0000000000000000 3.0000000000000000 3.0000000000000000 3.0000000000000000 3.0000000000000000 3.0000000000000000 3.0000000000000000 3.0000000000000000 3.0000000000000000 3.0000000000000000 3.0000000000000000 3.0000000000000000 3.0000000000000000 3.0000000000000000 3.0000000000000000 

15
1.2000000000000000 0.0000000001000000
0.8672639048563009 0.0005120927603892 0.1344967902821294 -0.0394179862025422 0.0307389837539419 0.0036118614940873 0.0107254755419809 -0.0166989663986931 -0.0015193709065939 0.0805966313859303 0.0748095709016703 0.0121701483217646 -0.1198022732597807 0.0120616433839102 0.0000000000000000 0.0005120927603892 0.4964304990020035 -0.0022360228216834 -0.0006187826726286 0.0092512666286551 0.0120708026222245 -0.0770439232781473 -0.0050257546512887 -0.0002822292572840 0.0008074270010692 -0.0011928050982068 0.0036627524168064 0.0038115097568923 0.0037529835482128 0.0000000000000000 0.1344967902821294 -0.0022360228216834 1.2229172262051704 -0.3133285120481191 -0.0693152913697987 0.0358430096645122 0.0359144743505019 0.0376555624208446 -0.0120820067011561 -0.1021591009346179 0.1509187781207155 -0.0274432422258787 0.0120298582377953 0.1520246864879433 0.0000000000000000 -0.0394179862025422 -0.0006187826726286 -0.3133285120481191 0.4645824143941973 0.1198112251977492 0.0481184782709470 0.0084705778334353 -0.0650875006076572 -0.0145315204670052 0.0415730888589073 -0.0614155735112205 0.0474355428579176 0.0330882974640850 -0.0136927083406358 0.0000000000000000 0.0307389837539419 0.0092512666286551 -0.0693152913697987 0.1198112251977492 0.9089740591004134 -0.0232019422940504 0.0519568919698661 -0.2450305214251650 0.0046262306824512 0.0391169760889252 -0.0577871788329078 0.0968340295037516 0.1993615417999585 0.2004714065875905 0.0000000000000000 0.0036118614940873 0.0120708026222245 0.0358430096645122 0.0481184782709470 -0.0232019422940504 0.8262646604029360 0.0254413273011699 0.0126044653217619 -0.0154702828423972 -0.0053333842021302 0.0078789634958609 -0.0091860902537289 -0.0078288924364934 -0.0027887981880006 0.0000000000000000 0.0107254755419809 -0.0770439232781473 0.0359144743505019 0.0084705778334353 0.0519568919698661 0.0254413273011699 0.6535476641423210 -0.0282256043378160 -0.0022313748652100 -0.0007692670894502 0.0011364317826426 0.0205707217477572 0.0241801216151282 0.0316962979475958 0.0000000000000000 -0.0166989663986931 -0.0050257546512887 0.0376555624208446 -0.0650875006076572 -0.2450305214251650 0.0126044653217619 -0.0282256043378160 0.5910417626473375 -0.0025132018461394 -0.0212503144071468 0.0313929102318565 -0.0526051289748912 -0.1083032449725091 -0.1089061795048968 0.0000000000000000 -0.0015193709065939 -0.0002822292572840 -0.0120820067011561 -0.0145315204670052 0.0046262306824512 -0.0154702828423972 -0.0022313748652100 -0.0025132018461394 0.7820575539903411 0.0016034486221380 -0.0023687611247410 0.0018316127178053 0.0012785682798210 -0.0005251099929706 0.0000000000000000 0.0805966313859303 0.0008074270010692 -0.1021591009346179 0.0415730888589073 0.0391169760889252 -0.0053333842021302 -0.0007692670894502 -0.0212503144071468 0.0016034486221380 1.1735579674146290 0.2026867388009745 0.0154871548360830 0.2889262222721757 -0.2534376348091244 0.0000000000000000 0.0748095709016703 -0.0011928050982068 0.1509187781207155 -0.0614155735112205 -0.0577871788329078 0.0078789634958609 0.0011364317826426 0.0313929102318565 -0.0023687611247410 0.2026867388009745 1.4701074337289253 -0.0228790432085327 0.0540205563023210 -0.0663774507755062 0.0000000000000000 0.0121701483217646 0.0036627524168064 -0.0274432422258787 0.0474355428579176 0.0968340295037516 -0.0091860902537289 0.0205707217477572 -0.0526051289748912 0.0018316127178053 0.0154871548360830 -0.0228790432085327 0.7636642186512261 0.0789310262428575 0.0793704428218410 0.0000000000000000 -0.1198022732597807 0.0038115097568923 0.0120298582377953 0.0330882974640850 0.1993615417999585 -0.0078288924364934 0.0241801216151282 -0.1083032449725091 0.0012785682798210 0.2889262222721757 0.0540205563023210 0.0789310262428575 0.6554097546784728 0.0007592495135326 0.0000000000000000 0.0120616433839102 0.0037529835482128 0.1520246864879433 -0.0136927083406358 0.2004714065875905 -0.0027887981880006 0.0316962979475958 -0.1089061795048968 -0.0005251099929706 -0.2534376348091244 -0.0663774507755062 0.0793704428218410 0.0007592495135326 0.6036361791333652 0.0000000000000000 0.0000000000000000 0.0000000000000000 0.0000000000000000 0.0000000000000000 0.0000000000000000 0.0000000000000000 0.0000000000000000 0.0000000000000000 0.0000000000000000 0.0000000000000000 0.0000000000000000 0.0000000000000000 0.0000000000000000 0.0000000000000000 0.9414877855655962 
1.0495485059144951 0.4438998159570141 1.2552362096683589 0.2549870410274299 1.2658076773913807 0.9080241783566988 0.7553698146617756 0.0190482834955973 0.7398735562890593 1.4614059538383630 1.7809305708138519 1.0078441454547786 1.1158622954942568 0.6380450078128569 0.9414877855655962 
4.0000000000000000 4.0000000000000000 4.0000000000000000 4.0000000000000000 4.0000000000000000 4.0000000000000000 4.0000000000000000 4.0000000000000000 4.0000000000000000 4.0000000000000000 4.0000000000000000 4.0000000000000000 4.0000000000000000 4.0000000000000000 4.0000000000000000 

15
1.2000000000000000 0.0000000001000000
0.8102098249221340 -0.0000877209069199 -0.0036121574386791 -0.0000410757518200 -0.2092233987700636 -0.0001653481867671 -0.0000291380703310 -0.0197770092657317 0.2838212279771475 -0.0060220987579042 -0.0684827040567940 -0.0366586929077021 0.0394138832789639 -0.0055158302124838 -0.0001179056797592 -0.0000877209069199 1.1146148669831837 -0.0049819771299965 -0.0011744433779601 0.0000000000000000 -0.2448326538239251 -0.0070021871839054 -0.0166288378087096 -0.0010991322106524 0.0443312633379920 -0.0016523613714234 0.0000000000000000 0.0004737550494285 -0.0244705331943679 -0.1935416071855241 -0.0036121574386791 -0.0049819771299965 0.6213171726565547 0.0186201702980261 0.0062657433041273 -0.0088374670492956 -0.1532144366932030 0.0023018083972904 -0.0083918554053894 -0.0012351938091350 0.0023194700472567 0.0011488076222960 0.0060520255364799 -0.0027817175863275 -0.0064124150327115 -0.0000410757518200 -0.0011744433779601 0.0186201702980261 0.5311931570055275 0.0000000000000000 0.0007373395197465 -0.0138842238995726 -0.0187711415554072 -0.0011791442642702 0.0132584246728568 -0.0030616427122833 -0.0006177765619938 -0.0000082268151519 0.0340841890983274 -0.0000643864701395 -0.2092233987700636 0.0000000000000000 0.0062657433041273 0.0000000000000000 0.9250359368128319 0.0000000000000000 -0.0046720830980248 -0.0387623049900625 0.3221639957701414 0.0000000000000000 0.1757916052333197 0.0000000000000000 -0.0419040955035040 0.0000000000000000 0.0000000000000000 -0.0001653481867671 -0.2448326538239251 -0.0088374670492956 0.0007373395197465 0.0000000000000000 0.8392743166283403 -0.0116505185021808 0.0104399237237921 0.0006900576320231 -0.0278320717991231 0.0010373861889955 0.0000000000000000 0.0008031100492496 0.0153631001137023 -0.3260152124823790 -0.0000291380703310 -0.0070021871839054 -0.1532144366932030 -0.0138842238995726 -0.0046720830980248 -0.0116505185021808 0.5300859939023247 -0.0017163550413545 0.0062574293100647 0.0009210284938809 -0.0017295245397341 -0.0008566141979477 0.0090807824735040 0.0020742017487372 -0.0086172968063796 -0.0197770092657317 -0.0166288378087096 0.0023018083972904 -0.0187711415554072 -0.0387623049900625 0.0104399237237921 -0.0017163550413545 0.7591972016793063 0.0228238955130446 0.0196078744564154 0.0050352561347171 -0.0007571448073353 -0.0039610181744332 -0.1642186747985301 -0.0009116422205765 0.2838212279771475 -0.0010991322106524 -0.0083918554053894 -0.0011791442642702 0.3221639957701414 0.0006900576320231 0.0062574293100647 0.0228238955130446 0.7468332816173138 0.0017158942250789 -0.2145299969139001 0.0025330812808981 0.0568448458107062 -0.0104751643539311 -0.0000602576885260 -0.0060220987579042 0.0443312633379920 -0.0012351938091350 0.0132584246728568 0.0000000000000000 -0.0278320717991231 0.0009210284938809 0.0196078744564154 0.0017158942250789 0.5333913627296026 -0.0062074417763302 -0.0042113405406000 -0.0012061299212527 0.1085943169250073 0.0024303713714281 -0.0684827040567940 -0.0016523613714234 0.0023194700472567 -0.0030616427122833 0.1757916052333197 0.0010373861889955 -0.0017295245397341 0.0050352561347171 -0.2145299969139001 -0.0062074417763302 0.7444200280607207 -0.0502534748305924 -0.0137159886896202 -0.0236870624965010 -0.0000905873523555 -0.0366586929077021 0.0000000000000000 0.0011488076222960 -0.0006177765619938 0.0000000000000000 0.0000000000000000 -0.0008566141979477 -0.0007571448073353 0.0025330812808981 -0.0042113405406000 -0.0502534748305924 0.8301519609388280 -0.0073421490027805 -0.0038051137397245 0.0000000000000000 0.0394138832789639 0.0004737550494285 0.0060520255364799 -0.0000082268151519 -0.0419040955035040 0.0008031100492496 0.0090807824735040 -0.0039610181744332 0.0568448458107062 -0.0012061299212527 -0.0137159886896202 -0.0073421490027805 0.6213138024376981 -0.0011047324408445 0.0005906536571517 -0.0055158302124838 -0.0244705331943679 -0.0027817175863275 0.0340841890983274 0.0000000000000000 0.0153631001137023 0.0020742017487372 -0.1642186747985301 -0.0104751643539311 0.1085943169250073 -0.0236870624965010 -0.0038051137397245 -0.0011047324408445 0.7746538356352770 -0.0013415472251657 -0.0001179056797592 -0.1935416071855241 -0.0064124150327115 -0.0000643864701395 0.0000000000000000 -0.3260152124823790 -0.0086172968063796 -0.0009116422205765 -0.0000602576885260 0.0024303713714281 -0.0000905873523555 0.0000000000000000 0.0005906536571517 -0.0013415472251657 1.0545632612157132 
0.7837118561732895 0.6639484311772197 0.4685579777172935 0.5590912191858858 1.1346953987587654 0.2490119620121786 0.3450470578958779 0.5539018312424255 1.2079481582997493 0.6775362596079168 0.5451929609254755 0.7293315432533458 0.6653305177455947 0.6973692674731753 0.5204114281007762 
5.0000000000000000 5.0000000000000000 5.0000000000000000 5.0000000000000000 5.0000000000000000 5.0000000000000000 5.0000000000000000 5.0000000000000000 5.0000000000000000 5.0000000000000000 5.0000000000000000 5.0000000000000000 5.0000000000000000 5.0000000000000000 5.0000000000000000 

15
1.2000000000000000 0.0000000001000000
1.0908224564984978 -0.0718517452689314 -0.0022892517184439 0.0258141760674379 -0.0708231250015332 -0.0100084192166304 -0.0011613154203202 -0.0018875629996560 0.0051114564249333 0.0264052721978446 -0.0129877014228482 0.0649634430889072 -0.0334196263360072 0.0000000000000000 0.1836273620598187 -0.0718517452689314 1.0158303126702448 0.0000000000000000 -0.0216377220821572 0.0814117914145423 0.0199296916535330 0.0000000000000000 0.0037586903331601 0.0121078200582604 -0.0303530875313480 0.0000000000000000 0.0155665475426409 -0.0791631168206544 0.0000000000000000 -0.0244675056632998 -0.0022892517184439 0.0000000000000000 0.9322515796225701 0.0416278501065348 -0.0231407724372503 0.0983576913117621 -0.0747272336269804 0.0192428507931821 -0.0033534417250346 -0.0247782770923513 0.0335114199769159 0.0019298334937625 -0.0005129013436215 0.0038824085948641 0.0079504457396288 0.0258141760674379 -0.0216377220821572 0.0416278501065348 0.6902655851301286 -0.0122414790580875 -0.1534318613954541 -0.0255409397477440 -0.0289368678779140 -0.0005853346969137 0.0005497416511882 -0.0627252114803916 0.0352905999143178 -0.0000895256208790 0.0000000000000000 -0.0288550163452874 -0.0708231250015332 0.0814117914145423 -0.0231407724372503 -0.0122414790580875 0.8177720876678080 0.0033201388900121 0.0085467271042852 0.0006261699462081 -0.0230907423529929 -0.1651535233958305 -0.0013341720029814 -0.1549536395770023 -0.0035316769304963 0.0000000000000000 0.0172195078746823 -0.0100084192166304 0.0199296916535330 0.0983576913117621 -0.1534318613954541 0.0033201388900121 0.6690040064718353 -0.0473656083614224 0.1089627225882968 -0.0006136718140589 -0.0090242927772845 -0.0625479701037465 -0.0441112730700741 -0.0000938597189937 -0.0299756064921063 -0.0212384029364545 -0.0011613154203202 0.0000000000000000 -0.0747272336269804 -0.0255409397477440 0.0085467271042852 -0.0473656083614224 0.7420718328263173 -0.0071017699361189 0.0012385477348136 0.0091515170030275 -0.0455434496812880 0.0009789860052962 0.0001894330808205 0.0102617907287190 0.0040331848007202 -0.0018875629996560 0.0037586903331601 0.0192428507931821 -0.0289368678779140 0.0006261699462081 0.1089627225882968 -0.0071017699361189 0.1118014120414793 -0.0001157369795446 -0.0017019591981280 -0.0120822583902536 -0.0083192765123629 -0.0000177017098201 0.1589395618055771 -0.0040055100297981 0.0051114564249333 0.0121078200582604 -0.0033534417250346 -0.0005853346969137 -0.0230907423529929 -0.0006136718140589 0.0012385477348136 -0.0001157369795446 0.7608796983772778 -0.0619330306383929 -0.0001933413448191 0.0040786764118810 -0.0605261466960919 0.0000000000000000 0.0004817646934650 0.0264052721978446 -0.0303530875313480 -0.0247782770923513 0.0005497416511882 -0.1651535233958305 -0.0090242927772845 0.0091515170030275 -0.0017019591981280 -0.0619330306383929 0.4339462992340932 -0.0014285816805975 0.0577719922834368 -0.0094725172624424 0.0000000000000000 -0.0064200187796581 -0.0129877014228482 0.0000000000000000 0.0335114199769159 -0.0627252114803916 -0.0013341720029814 -0.0625479701037465 -0.0455434496812880 -0.0120822583902536 -0.0001933413448191 -0.0014285816805975 0.5103764617508848 0.0109485999337096 -0.0000295711223472 -0.0016018990338240 0.0451055751593125 0.0649634430889072 0.0155665475426409 0.0019298334937625 0.0352905999143178 -0.1549536395770023 -0.0441112730700741 0.0009789860052962 -0.0083192765123629 0.0040786764118810 0.0577719922834368 0.0109485999337096 0.8735599301642333 -0.0266671238681899 0.0000000000000000 -0.0966481239226760 -0.0334196263360072 -0.0791631168206544 -0.0005129013436215 -0.0000895256208790 -0.0035316769304963 -0.0000938597189937 0.0001894330808205 -0.0000177017098201 -0.0605261466960919 -0.0094725172624424 -0.0000295711223472 -0.0266671238681899 1.1473532519942591 0.0000000000000000 -0.0031498646763269 0.0000000000000000 0.0000000000000000 0.0038824085948641 0.0000000000000000 0.0000000000000000 -0.0299756064921063 0.0102617907287190 0.1589395618055771 0.0000000000000000 0.0000000000000000 -0.0016018990338240 0.0000000000000000 0.0000000000000000 0.9852101749101804 0.0000000000000000 0.1836273620598187 -0.0244675056632998 0.0079504457396288 -0.0288550163452874 0.0172195078746823 -0.0212384029364545 0.0040331848007202 -0.0040055100297981 0.0004817646934650 -0.0064200187796581 0.0451055751593125 -0.0966481239226760 -0.0031498646763269 0.0000000000000000 0.4746640077669567 
1.1923154189530689 0.9211316763059908 1.0099522016955387 0.4595039945647788 0.4746272921413634 0.5211632850292139 0.5750317025101257 0.3391627638743072 0.6334865174527826 0.2175595340135571 0.3994679005577255 0.7343891718878800 0.9308690529692090 1.1267164305134103 0.5482974057410834 
6.0000000000000000 6.0000000000000000 6.0000000000000000 6.0000000000000000 6.0000000000000000 6.0000000000000000 6.0000000000000000 6.0000000000000000 6.0000000000000000 6.0000000000000000 6.0000000000000000 6.0000000000000000 6.0000000000000000 6.0000000000000000 6.0000000000000000 

15
1.2000000000000000 0.0000000001000000
0.3888233279300814 0.0048115115260272 -0.0095579393880747 -0.0030306449914779 0.0000000000000000 0.0519963889744475 -0.0052945012698744 -0.0079378617013574 -0.0172909478977911 0.0274280175625700 0.0153381573990830 0.0035621573449393 -0.0020189006940997 -0.0021626579179484 -0.0886697801708186 0.0048115115260272 0.6750008960688222 0.0521438132051733 -0.0112228704658799 0.0000000000000000 0.0307828208706648 0.0575510309448584 0.0400046430304614 -0.1024138563622732 -0.0474025066374290 -0.0438353974889349 0.1288088678787888 0.0039246768979616 0.0452519849186998 -0.0113329526785548 -0.0095579393880747 0.0521438132051733 0.6325515646258438 -0.0529612578026660 0.0000000000000000 -0.0611492530952552 -0.0005957472042457 -0.0721314738360023 -0.0089625012796256 -0.0261949281056821 -0.0386248277264498 0.0091440026101715 -0.0066170346369170 0.0250065360604534 -0.0033118601035459 -0.0030306449914779 -0.0112228704658799 -0.0529612578026660 0.4957316501901545 0.0000000000000000 -0.0193892919908001 0.0228328569377057 -0.0551054157223413 0.0413203199708894 -0.0035520236954305 -0.0334494625388291 0.0693941854939964 -0.0015078376507874 0.0033908781222462 -0.0025360034424057 0.0000000000000000 0.0000000000000000 0.0000000000000000 0.0000000000000000 0.4556926338859544 0.0000000000000000 0.0000000000000000 0.0000000000000000 0.0000000000000000 0.0000000000000000 0.0000000000000000 0.0000000000000000 0.0000000000000000 0.0000000000000000 0.0000000000000000 0.0519963889744475 0.0307828208706648 -0.0611492530952552 -0.0193892919908001 0.0000000000000000 0.7133556336097793 0.0196219957763815 -0.0507844101645019 -0.1106230649022642 0.0573554399379539 0.0981296104452817 0.0227897721681089 -0.0129164105886380 -0.0585079894711722 0.0200690263706773 -0.0052945012698744 0.0575510309448584 -0.0005957472042457 0.0228328569377057 0.0000000000000000 0.0196219957763815 0.7675492586671167 0.0027925508950016 0.0472227508194847 -0.0574083134359263 0.0580412202177212 -0.0372687649157976 0.0033542291687743 0.0571604809629650 -0.0141424706334609 -0.0079378617013574 0.0400046430304614 -0.0721314738360023 -0.0551054157223413 0.0000000000000000 -0.0507844101645019 0.0027925508950016 0.6567285023077769 0.0008251348167304 -0.0239277464023307 -0.0408124241451975 0.0220485566003400 -0.0051549746387419 0.0228422101729486 -0.0033291187185250 -0.0172909478977911 -0.1024138563622732 -0.0089625012796256 0.0413203199708894 0.0000000000000000 -0.1106230649022642 0.0472227508194847 0.0008251348167304 0.5172673103504916 -0.0665008647818973 0.0199938187794984 0.0092809113489995 -0.0203250905055422 0.0634839029338328 -0.0128464698655863 0.0274280175625700 -0.0474025066374290 -0.0261949281056821 -0.0035520236954305 0.0000000000000000 0.0573554399379539 -0.0574083134359263 -0.0239277464023307 -0.0665008647818973 0.6236494229464950 -0.0381292695296097 0.0138993738663671 0.0121061630293068 0.1565568354955343 0.0035305749464345 0.0153381573990830 -0.0438353974889349 -0.0386248277264498 -0.0334494625388291 0.0000000000000000 0.0981296104452817 0.0580412202177212 -0.0408124241451975 0.0199938187794984 -0.0381292695296097 0.5940890144967609 -0.0575324255536418 0.0196987207158047 0.0363994491454286 -0.0101859617770012 0.0035621573449393 0.1288088678787888 0.0091440026101715 0.0693941854939964 0.0000000000000000 0.0227897721681089 -0.0372687649157976 0.0220485566003400 0.0092809113489995 0.0138993738663671 -0.0575324255536418 0.5685965958664146 0.0036178562671931 -0.0132687973948529 0.0051804519114644 -0.0020189006940997 0.0039246768979616 -0.0066170346369170 -0.0015078376507874 0.0000000000000000 -0.0129164105886380 0.0033542291687743 -0.0051549746387419 -0.0203250905055422 0.0121061630293068 0.0196987207158047 0.0036178562671931 0.8027148967044887 -0.0115569396153609 0.0012501800609231 -0.0021626579179484 0.0452519849186998 0.0250065360604534 0.0033908781222462 0.0000000000000000 -0.0585079894711722 0.0571604809629650 0.0228422101729486 0.0634839029338328 0.1565568354955343 0.0363994491454286 -0.0132687973948529 -0.0115569396153609 0.6416750845675124 0.0225045514681275 -0.0886697801708186 -0.0113329526785548 -0.0033118601035459 -0.0025360034424057 0.0000000000000000 0.0200690263706773 -0.0141424706334609 -0.0033291187185250 -0.0128464698655863 0.0035305749464345 -0.0101859617770012 0.0051804519114644 0.0012501800609231 0.0225045514681275 0.6950097718596042 
0.3559963267057063 0.8220726617083854 0.4387390933231776 0.4499150824143741 0.4556926338859544 0.7007302679406633 0.9214165769307043 0.4860581724942609 0.3604313534249469 0.6314101751963558 0.5791202224399145 0.7482527434924916 0.7865695345143653 0.9887755294484142 0.6011899392273324 
7.0000000000000000 7.0000000000000000 7.0000000000000000 7.0000000000000000 7.0000000000000000 7.0000000000000000 7.0000000000000000 7.0000000000000000 7.0000000000000000 7.0000000000000000 7.0000000000000000 7.0000000000000000 7.0000000000000000 7.0000000000000000 7.0000000000000000 

15
1.2000000000000000 0.0000000001000000
0.6604685763025993 -0.0001712634325497 -0.0085967877744305 0.0098831940205447 -0.0105133956316502 0.0393453696840419 -0.1458489871004223 0.0176937765736514 -0.0161100516401739 0.0000767762425607 0.1186203959531778 0.0049103053696052 0.1444327829338367 -0.0077061305652124 0.1114082936333752 -0.0001712634325497 0.6770209485648661 0.0007491490211496 -0.0154742911125924 -0.0016791382905375 0.0141496346153644 -0.0159151122435966 0.0137415442059758 0.2344542723074058 0.0000185374258892 -0.0103369253549583 0.0000000000000000 -0.0044305603229227 0.1645083997900515 0.0462211428329164 -0.0085967877744305 0.0007491490211496 0.3972303318084994 0.0064274755182960 0.0000000000000000 -0.0039486252834571 -0.0146482818648954 -0.0041646102469164 0.0022098017714527 0.0000000000000000 0.0086100784715345 -0.0004911079848676 -0.0068678433734028 0.0006141541457904 -0.0142940533010681 0.0098831940205447 -0.0154742911125924 0.0064274755182960 0.9128667501913422 -0.0099919499613248 -0.1768808435113035 -0.1392135276171307 0.0753595890125145 -0.0269430840247094 0.0000729622167812 -0.0886877413942135 -0.0218153595905378 -0.1057534759672160 0.0100724191417143 0.0815241818255361 -0.0105133956316502 -0.0016791382905375 0.0000000000000000 -0.0099919499613248 0.9001108654462210 0.0002248944687669 -0.0000202389298871 0.0690056930621320 -0.0012138305547162 0.0001631537542460 0.0000000000000000 0.0000000000000000 0.0086255698770945 0.0026146985547102 -0.0226239846354840 0.0393453696840419 0.0141496346153644 -0.0039486252834571 -0.1768808435113035 0.0002248944687669 0.6582783923691168 0.0598677000009022 -0.0382157437033199 -0.0133629841829577 0.0000000000000000 0.0544840127364246 -0.0676544101224610 0.1509729295573069 0.0049518965257494 -0.0010393402029656 -0.1458489871004223 -0.0159151122435966 -0.0146482818648954 -0.1392135276171307 -0.0000202389298871 0.0598677000009022 0.4568254263364450 0.0218906539143911 -0.0359475182277135 0.0000000000000000 0.2021202617116777 0.0074360475459114 0.0607430812127107 -0.0083678084780563 0.2222913656991148 0.0176937765736514 0.0137415442059758 -0.0041646102469164 0.0753595890125145 0.0690056930621320 -0.0382157437033199 0.0218906539143911 0.6940276947815008 0.0117959852114891 -0.0005021704848982 0.0574642214559743 -0.0047441089031156 -0.0475634564218684 0.0050959065960077 -0.0016786164737559 -0.0161100516401739 0.2344542723074058 0.0022098017714527 -0.0269430840247094 -0.0012138305547162 -0.0133629841829577 -0.0359475182277135 0.0117959852114891 0.6704106170241342 0.0000000000000000 -0.0304913379259409 0.0000000000000000 0.0011939326269762 -0.1553625379111266 0.0308210421582429 0.0000767762425607 0.0000185374258892 0.0000000000000000 0.0000729622167812 0.0001631537542460 0.0000000000000000 0.0000000000000000 -0.0005021704848982 0.0000000000000000 0.6431400591838936 0.0000000000000000 0.0000000000000000 -0.0000624919430187 0.0000000000000000 0.0001639388260048 0.1186203959531778 -0.0103369253549583 0.0086100784715345 -0.0886877413942135 0.0000000000000000 0.0544840127364246 0.2021202617116777 0.0574642214559743 -0.0304913379259409 0.0000000000000000 0.2790505469259815 0.0067764175584312 0.0947640353203218 -0.0084742359427121 0.1972325369473071 0.0049103053696052 0.0000000000000000 -0.0004911079848676 -0.0218153595905378 0.0000000000000000 -0.0676544101224610 0.0074360475459114 -0.0047441089031156 0.0000000000000000 0.0000000000000000 0.0067764175584312 0.6473574489936389 0.0186847969895349 0.0058190656803697 0.0000000000000000 0.1444327829338367 -0.0044305603229227 -0.0068678433734028 -0.1057534759672160 0.0086255698770945 0.1509729295573069 0.0607430812127107 -0.0475634564218684 0.0011939326269762 -0.0000624919430187 0.0947640353203218 0.0186847969895349 0.8605263931423001 -0.0147312747907652 -0.0948927652523765 -0.0077061305652124 0.1645083997900515 0.0006141541457904 0.0100724191417143 0.0026146985547102 0.0049518965257494 -0.0083678084780563 0.0050959065960077 -0.1553625379111266 0.0000000000000000 -0.0084742359427121 0.0058190656803697 -0.0147312747907652 0.7154248822693474 -0.0120837179386729 0.1114082936333752 0.0462211428329164 -0.0142940533010681 0.0815241818255361 -0.0226239846354840 -0.0010393402029656 0.2222913656991148 -0.0016786164737559 0.0308210421582429 0.0001639388260048 0.1972325369473071 0.0000000000000000 -0.0948927652523765 -0.0120837179386729 0.5395923629884336 
0.9178928545689538 1.1028563380064615 0.3628296809076848 0.5114462987477011 0.9347023371595706 0.6811728829512083 0.6712130619594510 0.8692063585797623 0.6714543066323629 0.6430707652214587 0.8811322664630057 0.5962790955365093 1.0656416535885112 0.7023757170771952 1.0826423871066080 
8.0000000000000000 8.0000000000000000 8.0000000000000000 8.0000000000000000 8.0000000000000000 8.0000000000000000 8.0000000000000000 8.0000000000000000 8.0000000000000000 8.0000000000000000 8.0000000000000000 8.0000000000000000 8.0000000000000000 8.0000000000000000 8.0000000000000000 

15
1.2000000000000000 0.0000000001000000
